ITS2 type profile UID		368745	369793	368827	368790	369733	368719	368698	370571
Clade		C	C	C	C	C	C	C	D
Majority ITS2 sequence		C1d	C1d	C1d	C1d	C15h	C1d	C15	D1bt/D6
Associated species		None	None	None	None	None	None	None	None
ITS2 profile abundance local		30	8	5	4	1	1	1	48
ITS2 profile abundance DB		118	49	685	111	94	99	104	77
ITS2 type profile		C1d/C42.2/C1-C1bl-C3cg-C1b-C45c	C1d/C1/C42.2-C3cg-C1b-C115k-C45c-C42ap	C1d/C1/C42.2/C3-C1b-C3cg-C45c-C115k-C1au-C41p	C1d-C42.2-C1-C1k-C1b-C3cg	C15h/C3	C1d-C1bl-C42.2-C1-C3cg-C1b	C3/C15	D1bt/D6/D4-D1-D1cf-D1bs-D1ce-D1dr
163929	CD_54A	0	0	0	0	0	0	0	27435.0
163905	CD_14	0	0	0	0	0	0	0	31248.0
163938	CD_63.2	0	0	0	0	0	0	0	29912.0
163897	CD_6A.3	0	0	0	0	0	0	0	48890.0
163901	CD_10	0	0	0	0	0	0	0	36382.0
163892	CD_1	0	0	0	0	0	0	0	42169.0
163893	CD_2	0	0	0	0	0	0	0	45403.0
163894	CD_3	0	0	0	0	0	0	0	40767.0
163930	CD_55	0	0	0	0	0	0	0	26754.0
163939	CD_64A	0	0	0	0	0	0	0	20689.0
163913	CD_22A	0	0	0	0	0	0	0	39347.0
163933	CD_58A	0	0	0	0	0	0	0	42834.0
163911	CD_20	0	0	0	0	0	0	0	36623.0
163896	CD_5	0	0	0	0	0	0	0	39572.0
163916	CD_41A	0	0	0	0	0	0	0	36903.0
163902	CD_11A	0	0	0	0	0	0	0	36119.0
163921	CD_46A	0	0	0	0	0	0	0	18297.0
163908	CD_17	0	0	0	0	0	0	0	61281.0
163903	CD_12	0	0	0	0	0	0	0	52353.0
163923	CD_48	0	0	0	0	0	0	0	31897.0
163898	CD_7A.3	0	0	0	0	0	0	0	52546.0
163915	CD_24	0	0	0	0	0	0	0	41374.0
163909	CD_18	0	0	0	0	0	0	0	77616.0
163927	CD_52	0	0	0	0	0	0	0	35192.0
163936	CD_61A	0	0	0	0	0	0	0	25102.0
163912	CD_21A	0	0	0	0	0	0	0	40281.0
163926	CD_51.2	0	0	0	0	0	0	0	38724.0
163935	CD_60	0	0	0	0	0	0	0	22973.0
163917	CD_42A	0	0	0	0	0	0	0	41307.0
163931	CD_56	0	0	0	0	0	0	0	30116.0
163922	CD_47	0	0	0	0	0	0	0	34836.0
163904	CD_13A	0	0	0	0	0	0	0	46324.0
163914	CD_23	0	0	0	0	0	0	0	41927.0
163920	CD_45A	0	0	0	0	0	0	0	33045.0
163932	CD_57A	0	0	0	0	0	0	0	29050.0
163906	CD_15	0	0	0	0	0	0	0	72332.0
163907	CD_16	0	0	0	0	0	0	0	46036.0
163900	CD_9	0	0	0	0	0	0	0	40666.0
163925	CD_50_rd_CL	0	0	0	0	0	0	0	25797.0
163899	CD_8A.3	0	0	0	0	0	0	0	33143.0
163937	CD_62A	0	0	0	0	0	0	0	45586.0
163919	CD_44A.2	0	0	0	0	0	0	0	31140.0
163918	CD_43A	0	0	0	0	0	0	0	29760.0
163928	CD_53	0	0	0	0	0	0	0	27113.0
163910	CD_19	0	0	0	0	0	0	0	59306.0
163934	CD_59A	0	0	0	0	0	0	0	438141.0
163924	CD_49A	0	0	0	0	0	0	0	26063.0
163895	CD_4A.3	0	0	0	0	0	0	0	13060.0
163948	CD_89A	32778.0	0	0	0	0	0	0	0
163976	CD_133	35804.0	0	0	0	0	0	0	0
163978	CD_135	37069.0	0	0	0	0	0	0	0
163940	CD_81A	25842.0	0	0	0	0	0	0	0
163951	CD_92	22706.0	0	0	0	0	0	0	0
163941	CD_82A.2	24581.0	0	0	0	0	0	0	0
163954	CD_95.2	37746.0	0	0	0	0	0	0	0
163950	CD_91	22041.0	0	0	0	0	0	0	0
163949	CD_90A	22035.0	0	0	0	0	0	0	0
163944	CD_85A	16556.0	0	0	0	0	0	0	0
163947	CD_88A	26084.0	0	0	0	0	0	0	0
163942	CD_83	27845.0	0	0	0	0	0	0	0
163956	CD_97	37773.0	0	0	0	0	0	0	0
163943	CD_84A	33232.0	0	0	0	0	0	0	0
163957	CD_98A	31417.0	0	0	0	0	0	0	0
163979	CD_136	44258.0	0	0	0	0	0	0	0
163977	CD_134	28184.0	0	0	0	0	0	0	0
163959	CD_100A.2	34113.0	0	0	0	0	0	0	0
163952	CD_93_rd_CL	2794.0	0	0	0	0	0	0	0
163963	CD_104	27580.0	0	0	0	0	0	0	0
163984	CD_141	25934.0	0	0	0	0	0	0	0
163962	CD_103	24883.0	0	0	0	0	0	0	0
163953	CD_94	12007.0	0	0	0	0	0	0	0
163985	CD_142	24672.0	0	0	0	0	0	0	0
163945	CD_86A_rd_CL	13650.0	0	0	0	0	0	0	0
163987	CD_144	27653.0	0	0	0	0	0	0	0
163960	CD_101A_rd_CL	12681.0	0	0	0	0	0	0	0
163961	CD_102.2	16531.0	0	0	0	0	0	0	0
163946	CD_87	24699.0	0	0	0	0	0	1320.0	0
163986	CD_143	16923.0	0	0	0	2216.0	0	0	0
163980	CD_137A	0	29352.0	0	0	0	0	0	0
163983	CD_140	0	31884.0	0	0	0	0	0	0
163982	CD_139	0	26540.0	0	0	0	0	0	0
163981	CD_138	0	45744.0	0	0	0	0	0	0
163966	CD_123A	0	30501.0	0	0	0	0	0	0
163967	CD_124	0	38313.0	0	0	0	0	0	0
163965	CD_122A	0	34608.0	0	0	0	0	0	0
163964	CD_121	0	32777.0	0	0	0	0	0	0
163968	CD_125	0	0	38532.0	0	0	0	0	0
163969	CD_126A	0	0	20622.0	0	0	0	0	0
163970	CD_127_rd_CL	0	0	31051.0	0	0	0	0	0
163971	CD_128A	0	0	30739.0	0	0	0	0	0
163958	CD_99	0	0	22034.0	0	0	0	0	0
163972	CD_129A	0	0	0	50470.0	0	0	0	0
163974	CD_131	0	0	0	36352.0	0	0	0	0
163973	CD_130	0	0	0	44497.0	0	0	0	0
163975	CD_132	0	0	0	33632.0	0	0	0	0
163955	CD_96.2	0	0	0	0	0	33664.0	0	0
Sequence accession / SymPortal UID		106-1-43221-2-108-4-117	106-1-2-108-4-5-117-322	106-1-2-108-4-5-117-32-20-118	106-1-2-109-108-4	1584-32	106-1-43221-2-108-4	517-32	11469/933-854-853-70776-70773-70774-70775
Average defining sequence proportions and [stdev]		0.490[0.029]-0.208[0.021]-0.123[0.023]-0.101[0.016]-0.045[0.011]-0.023[0.003]-0.010[0.003]	0.603[0.023]-0.174[0.014]-0.112[0.005]-0.047[0.004]-0.030[0.003]-0.014[0.002]-0.011[0.001]-0.009[0.001]	0.614[0.026]-0.124[0.013]-0.117[0.014]-0.047[0.002]-0.029[0.003]-0.020[0.001]-0.018[0.002]-0.011[0.002]-0.010[0.001]-0.009[0.001]	0.719[0.009]-0.157[0.008]-0.061[0.001]-0.024[0.001]-0.021[0.002]-0.018[0.002]	0.935[nan]-0.065[nan]	0.500[nan]-0.206[nan]-0.117[nan]-0.109[nan]-0.041[nan]-0.026[nan]	0.878[nan]-0.122[nan]	0.288[0.026]/0.246[0.014]-0.172[0.012]-0.155[0.014]-0.043[0.005]-0.036[0.002]-0.031[0.003]-0.030[0.003]
